epoch_step,epoch,total_epochs,box_loss,cls_loss,dfl_loss,precision,recall,map50,map50_95
1/200,1,200,1.607060,2.014753,1.280351,0.674700,0.633480,0.634030,0.363330
2/200,2,200,1.639512,1.576886,1.309470,0.625570,0.613950,0.577360,0.312560
3/200,3,200,1.747435,1.596785,1.383032,0.515720,0.494940,0.504980,0.273270
4/200,4,200,1.730512,1.545790,1.397171,0.694180,0.629320,0.696140,0.390720
5/200,5,200,1.656598,1.422188,1.364456,0.675930,0.671760,0.697540,0.394130
6/200,6,200,1.588137,1.316817,1.326102,0.766260,0.666060,0.742120,0.439420
7/200,7,200,1.542196,1.266450,1.303650,0.752610,0.698420,0.758200,0.448810
8/200,8,200,1.496008,1.199080,1.273498,0.775720,0.703770,0.779150,0.470770
9/200,9,200,1.469417,1.170424,1.259881,0.810790,0.715740,0.792880,0.485940
10/200,10,200,1.451083,1.143206,1.247114,0.807900,0.734580,0.805020,0.495760
11/200,11,200,1.407242,1.096584,1.223971,0.785130,0.731290,0.767070,0.473810
12/200,12,200,1.392402,1.076444,1.217239,0.817410,0.737160,0.806180,0.503780
13/200,13,200,1.387588,1.065244,1.214476,0.813480,0.744250,0.813670,0.515840
14/200,14,200,1.374274,1.052418,1.203077,0.852660,0.754220,0.822340,0.518170
15/200,15,200,1.354668,1.032900,1.200092,0.843430,0.743660,0.820800,0.519090
16/200,16,200,1.351674,1.029405,1.194135,0.839810,0.779620,0.836360,0.529460
17/200,17,200,1.334170,1.006443,1.188791,0.856930,0.761240,0.836800,0.538760
18/200,18,200,1.327958,0.988014,1.181706,0.855920,0.753850,0.822080,0.525220
19/200,19,200,1.332723,0.996994,1.183362,0.879460,0.764810,0.848870,0.549120
20/200,20,200,1.325769,0.987054,1.182987,0.869440,0.780140,0.847300,0.548940
21/200,21,200,1.312110,0.967028,1.170153,0.896860,0.774910,0.854730,0.557810
22/200,22,200,1.302837,0.959322,1.169179,0.879870,0.770010,0.850690,0.556860
23/200,23,200,1.287515,0.949737,1.157293,0.859140,0.793790,0.853470,0.558220
24/200,24,200,1.284937,0.947330,1.154689,0.875620,0.791030,0.846570,0.556660
25/200,25,200,1.279300,0.929424,1.153197,0.895030,0.782920,0.863090,0.568800
26/200,26,200,1.277398,0.918360,1.146118,0.896530,0.797120,0.862450,0.567790
27/200,27,200,1.268653,0.915512,1.145706,0.900960,0.794140,0.862560,0.570420
28/200,28,200,1.253303,0.891715,1.138281,0.900680,0.792800,0.869870,0.578520
29/200,29,200,1.258063,0.916521,1.144283,0.904300,0.799320,0.871850,0.579450
30/200,30,200,1.258250,0.906597,1.138744,0.899320,0.803180,0.875580,0.581500
31/200,31,200,1.248234,0.897723,1.137180,0.892310,0.799800,0.869010,0.583380
32/200,32,200,1.242875,0.882241,1.132020,0.892620,0.807960,0.874590,0.585150
33/200,33,200,1.234582,0.890566,1.133184,0.906390,0.799760,0.875800,0.587430
34/200,34,200,1.241168,0.884267,1.134291,0.885290,0.812500,0.874400,0.588240
35/200,35,200,1.236147,0.884093,1.124327,0.910320,0.810590,0.884230,0.590530
36/200,36,200,1.216776,0.875217,1.122343,0.897050,0.809040,0.878780,0.591300
37/200,37,200,1.225188,0.872853,1.127620,0.910240,0.809210,0.882870,0.593540
38/200,38,200,1.220394,0.869862,1.129098,0.909990,0.818230,0.882570,0.598620
39/200,39,200,1.219765,0.858094,1.124141,0.907270,0.825790,0.888620,0.600660
40/200,40,200,1.210786,0.851740,1.117979,0.903210,0.824720,0.886610,0.601840
41/200,41,200,1.208273,0.844967,1.113992,0.909170,0.818110,0.882940,0.602320
42/200,42,200,1.202525,0.841713,1.112278,0.907380,0.822180,0.884930,0.601540
43/200,43,200,1.204889,0.843861,1.118867,0.920080,0.821510,0.888850,0.603350
44/200,44,200,1.214389,0.846117,1.115916,0.914060,0.826690,0.890290,0.604100
45/200,45,200,1.203318,0.844558,1.112122,0.905750,0.824880,0.888270,0.604550
46/200,46,200,1.201624,0.834156,1.110138,0.907020,0.829150,0.887920,0.606960
47/200,47,200,1.191450,0.827203,1.105352,0.919330,0.826120,0.890020,0.608980
48/200,48,200,1.192861,0.821434,1.105422,0.917350,0.825080,0.890800,0.610330
49/200,49,200,1.188125,0.815359,1.101188,0.920470,0.827220,0.893250,0.612470
50/200,50,200,1.188318,0.826254,1.106597,0.925490,0.825740,0.893880,0.612070
51/200,51,200,1.179539,0.814090,1.099602,0.929880,0.830150,0.897160,0.613860
52/200,52,200,1.183181,0.817779,1.098397,0.925900,0.827940,0.894360,0.611650
53/200,53,200,1.178735,0.820760,1.104263,0.928700,0.833160,0.898520,0.615000
54/200,54,200,1.170003,0.811420,1.098013,0.930420,0.833070,0.901150,0.617320
55/200,55,200,1.176551,0.806459,1.098554,0.930040,0.835750,0.901550,0.618140
56/200,56,200,1.170552,0.810608,1.095351,0.932630,0.835080,0.900790,0.619260
57/200,57,200,1.168204,0.806279,1.095115,0.927710,0.833460,0.900620,0.620330
58/200,58,200,1.168149,0.795812,1.088561,0.927510,0.830510,0.899150,0.620470
59/200,59,200,1.162629,0.799757,1.093791,0.929280,0.832250,0.900700,0.621810
60/200,60,200,1.154234,0.791861,1.091709,0.928390,0.834820,0.901730,0.622630
61/200,61,200,1.160978,0.797172,1.093083,0.925090,0.835700,0.901240,0.621720
62/200,62,200,1.148300,0.784089,1.084115,0.926380,0.835460,0.901380,0.621750
63/200,63,200,1.160763,0.801552,1.092378,0.926730,0.836970,0.901980,0.622170
64/200,64,200,1.154377,0.785249,1.090537,0.926480,0.836790,0.901020,0.622560
65/200,65,200,1.156742,0.793900,1.087272,0.923160,0.839520,0.901310,0.623590
66/200,66,200,1.144334,0.777065,1.082584,0.923710,0.837210,0.901280,0.623270
67/200,67,200,1.148301,0.777218,1.086167,0.926510,0.836680,0.902410,0.623710
68/200,68,200,1.147382,0.774167,1.084719,0.929270,0.835120,0.902090,0.624500
69/200,69,200,1.141472,0.766430,1.084354,0.929880,0.835060,0.902720,0.624530
70/200,70,200,1.142003,0.776503,1.078194,0.931680,0.835270,0.903530,0.626170
71/200,71,200,1.133767,0.759445,1.072586,0.930790,0.837850,0.904540,0.626090
72/200,72,200,1.142619,0.770600,1.083059,0.931370,0.839210,0.904830,0.626810
73/200,73,200,1.145153,0.762778,1.079164,0.933260,0.840790,0.906480,0.626950
74/200,74,200,1.152000,0.782552,1.079844,0.934320,0.840470,0.906810,0.627880
75/200,75,200,1.131521,0.757589,1.074624,0.935840,0.839290,0.906780,0.627870
76/200,76,200,1.138407,0.768063,1.075932,0.936770,0.839270,0.906860,0.628190
77/200,77,200,1.125779,0.748998,1.070810,0.936070,0.840050,0.907510,0.628620
78/200,78,200,1.126171,0.759263,1.073059,0.938060,0.840220,0.907590,0.627900
79/200,79,200,1.126491,0.756770,1.068219,0.940290,0.839010,0.907810,0.628250
80/200,80,200,1.115317,0.756429,1.067091,0.940280,0.839230,0.907570,0.628190
81/200,81,200,1.117094,0.755941,1.068365,0.940920,0.837550,0.908040,0.629320
82/200,82,200,1.121675,0.751775,1.073372,0.939830,0.836430,0.907150,0.629040
83/200,83,200,1.129514,0.760454,1.075116,0.938780,0.837520,0.907600,0.630240
84/200,84,200,1.115438,0.752301,1.071749,0.939930,0.837320,0.907820,0.630090
85/200,85,200,1.112773,0.747667,1.066170,0.940200,0.838790,0.908450,0.630890
86/200,86,200,1.110089,0.740728,1.064838,0.940930,0.838790,0.908300,0.631240
87/200,87,200,1.111683,0.744014,1.062905,0.940480,0.839230,0.908390,0.630750
88/200,88,200,1.110228,0.736393,1.066932,0.939880,0.839940,0.909180,0.631210
89/200,89,200,1.106606,0.734801,1.060454,0.940790,0.840430,0.909340,0.631510
90/200,90,200,1.100184,0.733476,1.062254,0.942410,0.841320,0.910280,0.631520
91/200,91,200,1.099515,0.734167,1.060878,0.942980,0.839090,0.909960,0.632040
92/200,92,200,1.090948,0.725387,1.060128,0.942380,0.839720,0.909980,0.632940
93/200,93,200,1.098891,0.727504,1.059606,0.941840,0.840710,0.910240,0.633200
94/200,94,200,1.096513,0.721963,1.062013,0.941000,0.841040,0.910510,0.633540
95/200,95,200,1.102932,0.732663,1.059677,0.939380,0.841340,0.910180,0.634290
96/200,96,200,1.094182,0.728777,1.059193,0.937800,0.842770,0.910910,0.634220
97/200,97,200,1.102218,0.728413,1.058556,0.938640,0.842740,0.910560,0.634500
98/200,98,200,1.093280,0.718880,1.055848,0.939130,0.844020,0.910850,0.635090
99/200,99,200,1.095140,0.716459,1.056642,0.941230,0.843650,0.910950,0.634700
100/200,100,200,1.095655,0.724423,1.055584,0.940490,0.843390,0.911100,0.635170
101/200,101,200,1.086759,0.708543,1.053952,0.941940,0.844260,0.910970,0.635850
102/200,102,200,1.090792,0.715641,1.049932,0.940550,0.845410,0.911130,0.635690
103/200,103,200,1.077456,0.706837,1.051507,0.940150,0.845620,0.911040,0.636290
104/200,104,200,1.094775,0.713147,1.058331,0.940510,0.846180,0.911170,0.636350
105/200,105,200,1.100155,0.722934,1.052680,0.938690,0.846580,0.911130,0.636620
106/200,106,200,1.083024,0.711914,1.050590,0.939570,0.847070,0.911460,0.637180
107/200,107,200,1.083759,0.720745,1.051522,0.938520,0.846990,0.911980,0.637240
108/200,108,200,1.085961,0.706554,1.045435,0.939290,0.846300,0.912240,0.637650
109/200,109,200,1.071657,0.703787,1.046737,0.939010,0.847180,0.912410,0.637890
110/200,110,200,1.085396,0.705627,1.050324,0.938390,0.846770,0.912160,0.638240
111/200,111,200,1.084656,0.709213,1.048896,0.939850,0.848040,0.912380,0.638110
112/200,112,200,1.067564,0.693193,1.040475,0.938840,0.848800,0.912470,0.638570
113/200,113,200,1.060743,0.699461,1.043275,0.940190,0.848210,0.912650,0.638410
114/200,114,200,1.063262,0.691920,1.044521,0.939950,0.849050,0.912890,0.638300
115/200,115,200,1.077396,0.695357,1.050633,0.939050,0.848640,0.913000,0.639170
116/200,116,200,1.068748,0.696252,1.042467,0.939540,0.848900,0.913230,0.639780
117/200,117,200,1.062312,0.690737,1.040638,0.940200,0.848390,0.912840,0.639510
118/200,118,200,1.063809,0.695870,1.043845,0.941510,0.848500,0.913040,0.639340
119/200,119,200,1.069440,0.696247,1.046876,0.940840,0.849130,0.912930,0.639450
120/200,120,200,1.068383,0.693108,1.047041,0.939080,0.850630,0.912930,0.639710
121/200,121,200,1.063826,0.681306,1.042454,0.939310,0.850770,0.913160,0.639910
122/200,122,200,1.059331,0.685820,1.040693,0.939760,0.850970,0.913530,0.639960
123/200,123,200,1.058228,0.680589,1.040456,0.939000,0.850810,0.913230,0.639990
124/200,124,200,1.057399,0.671461,1.036779,0.940160,0.848320,0.913310,0.640840
125/200,125,200,1.059200,0.673935,1.039650,0.940050,0.849180,0.913690,0.641460
126/200,126,200,1.051567,0.684108,1.039053,0.940360,0.849540,0.913640,0.641230
127/200,127,200,1.053404,0.673010,1.038887,0.939900,0.849780,0.913440,0.641530
128/200,128,200,1.041902,0.672840,1.036376,0.938830,0.850140,0.913640,0.641390
129/200,129,200,1.048045,0.676812,1.035488,0.938780,0.849610,0.913570,0.641800
130/200,130,200,1.038073,0.664957,1.032414,0.938410,0.850110,0.913830,0.641780
131/200,131,200,1.038390,0.671588,1.029357,0.937570,0.850820,0.914120,0.642100
132/200,132,200,1.042542,0.668080,1.030204,0.938380,0.850130,0.914190,0.642470
133/200,133,200,1.035752,0.652864,1.033292,0.940020,0.850140,0.914630,0.642750
134/200,134,200,1.039633,0.660535,1.033158,0.940540,0.849820,0.914710,0.643400
135/200,135,200,1.023114,0.652363,1.023623,0.940750,0.849850,0.915100,0.643380
136/200,136,200,1.039413,0.659672,1.031632,0.941870,0.849970,0.915050,0.643690
137/200,137,200,1.029842,0.656632,1.025760,0.941670,0.850540,0.915410,0.643780
138/200,138,200,1.032857,0.664303,1.034040,0.941030,0.851400,0.915300,0.643940
139/200,139,200,1.031241,0.653564,1.025120,0.942150,0.852380,0.915940,0.644080
140/200,140,200,1.028459,0.657574,1.030386,0.942000,0.852110,0.915500,0.643990
141/200,141,200,1.031577,0.656685,1.025578,0.941910,0.851660,0.915440,0.644320
142/200,142,200,1.019208,0.647632,1.024428,0.941200,0.852300,0.915320,0.644200
143/200,143,200,1.024161,0.654681,1.021206,0.940590,0.852410,0.915480,0.644460
144/200,144,200,1.027444,0.654863,1.024943,0.941480,0.852470,0.916230,0.644660
145/200,145,200,1.010957,0.643498,1.019410,0.941940,0.852140,0.916230,0.644860
146/200,146,200,1.012667,0.645553,1.020698,0.942480,0.851980,0.916400,0.645200
147/200,147,200,1.015463,0.646206,1.020485,0.941090,0.852680,0.916590,0.645610
148/200,148,200,1.003260,0.638365,1.016184,0.942360,0.852150,0.916590,0.645800
149/200,149,200,1.002643,0.637579,1.018239,0.941700,0.851970,0.916630,0.646390
150/200,150,200,1.011087,0.647862,1.022400,0.941710,0.852380,0.916830,0.646540
151/200,151,200,1.012055,0.631596,1.019859,0.942080,0.852590,0.916880,0.646780
152/200,152,200,1.013500,0.641575,1.018388,0.941180,0.852370,0.916860,0.646810
153/200,153,200,1.006912,0.629062,1.013057,0.941850,0.852780,0.916850,0.647150
154/200,154,200,0.998340,0.624354,1.012206,0.939570,0.854390,0.917030,0.647010
155/200,155,200,1.001342,0.628022,1.018454,0.941010,0.854510,0.917760,0.647360
156/200,156,200,0.996708,0.623857,1.016725,0.941170,0.854780,0.917760,0.648010
157/200,157,200,0.992969,0.617362,1.010282,0.939390,0.855230,0.917980,0.648400
158/200,158,200,0.996228,0.613560,1.009552,0.939610,0.854790,0.917850,0.648440
159/200,159,200,0.991927,0.624468,1.010065,0.939840,0.855260,0.918040,0.648090
160/200,160,200,0.983730,0.615799,1.010870,0.938910,0.855320,0.918460,0.648950
161/200,161,200,0.986993,0.618528,1.011118,0.940740,0.855480,0.918430,0.648970
162/200,162,200,0.981552,0.619020,1.007990,0.940250,0.855290,0.918160,0.649100
163/200,163,200,0.988217,0.620038,1.012605,0.941310,0.855260,0.918460,0.649150
164/200,164,200,0.993301,0.620408,1.013566,0.941190,0.856550,0.918760,0.649960
165/200,165,200,0.985842,0.614011,1.010345,0.942030,0.856390,0.919100,0.650030
166/200,166,200,0.977930,0.609314,1.004915,0.942100,0.856270,0.919160,0.650530
167/200,167,200,0.976569,0.601697,1.005477,0.940090,0.856220,0.919160,0.650750
168/200,168,200,0.979902,0.606816,1.006007,0.941540,0.855190,0.919130,0.651010
169/200,169,200,0.985975,0.605658,1.007921,0.942500,0.855610,0.919050,0.650930
170/200,170,200,0.978751,0.598983,1.004447,0.941870,0.856150,0.918870,0.650940
171/200,171,200,0.973278,0.604289,1.007624,0.942180,0.855190,0.918840,0.651570
172/200,172,200,0.974705,0.603378,1.008817,0.942590,0.855740,0.919040,0.651810
173/200,173,200,0.959981,0.584431,1.000944,0.941030,0.856150,0.919090,0.652280
174/200,174,200,0.979221,0.605176,1.006923,0.941420,0.856780,0.919240,0.652690
175/200,175,200,0.963640,0.595230,1.001943,0.941480,0.857190,0.919160,0.653130
176/200,176,200,0.960192,0.588271,1.004478,0.941620,0.857400,0.919250,0.653030
177/200,177,200,0.967157,0.596549,1.003477,0.941710,0.858290,0.920050,0.652980
178/200,178,200,0.952686,0.587348,0.998922,0.941050,0.858680,0.920200,0.653180
179/200,179,200,0.953769,0.585154,0.998134,0.941090,0.859350,0.920570,0.653200
180/200,180,200,0.949242,0.580362,0.994908,0.941550,0.859730,0.920580,0.653490
181/200,181,200,0.947246,0.577588,0.995211,0.941100,0.859450,0.920460,0.653820
182/200,182,200,0.938468,0.571454,0.991412,0.941240,0.860320,0.920990,0.654050
183/200,183,200,0.949653,0.583212,0.997308,0.941740,0.859310,0.921060,0.654970
184/200,184,200,0.950104,0.576510,0.990194,0.942870,0.858190,0.920920,0.654950
185/200,185,200,0.940404,0.573609,0.991892,0.940960,0.859860,0.920950,0.655040
186/200,186,200,0.947519,0.572601,0.995358,0.941980,0.860110,0.921040,0.655110
187/200,187,200,0.937629,0.567703,0.992268,0.943900,0.857370,0.920530,0.655040
188/200,188,200,0.929503,0.562999,0.987258,0.943790,0.858630,0.920950,0.655250
189/200,189,200,0.920933,0.557500,0.985181,0.943220,0.859350,0.920920,0.655960
190/200,190,200,0.938908,0.567929,0.992228,0.943210,0.859240,0.921280,0.656130
191/200,191,200,0.854967,0.451196,0.922134,0.943990,0.860730,0.921740,0.656780
192/200,192,200,0.845173,0.444431,0.918473,0.943170,0.860570,0.921750,0.657420
193/200,193,200,0.844849,0.442393,0.918938,0.943520,0.860190,0.921530,0.657410
194/200,194,200,0.841900,0.440917,0.916330,0.943330,0.859960,0.921490,0.657710
195/200,195,200,0.836009,0.432845,0.915806,0.943230,0.860130,0.921620,0.657610
196/200,196,200,0.828822,0.428860,0.914307,0.943850,0.860850,0.922110,0.658140
197/200,197,200,0.836960,0.429877,0.917688,0.943310,0.861700,0.922000,0.658080
198/200,198,200,0.831057,0.426550,0.914225,0.943840,0.860870,0.921740,0.657690
199/200,199,200,0.834565,0.431717,0.912616,0.945380,0.861110,0.921990,0.657810
200/200,200,200,0.826099,0.424775,0.915194,0.944380,0.861520,0.922540,0.658120
200/200,200,200,0.826099,0.424775,0.915194,0.942993,0.859877,0.921703,0.658177
