epoch_step,epoch,total_epochs,box_loss,cls_loss,dfl_loss,precision,recall,map50,map50_95
201/500,201,500,1.003934,0.626137,1.020243,0.929410,0.842200,0.908620,0.626130
202/500,202,500,1.025851,0.651831,1.026011,0.927040,0.836820,0.909280,0.628580
203/500,203,500,1.033126,0.661217,1.027439,0.928720,0.849630,0.910220,0.625180
204/500,204,500,1.027155,0.662170,1.024726,0.937480,0.843060,0.912030,0.627020
205/500,205,500,1.037239,0.665278,1.032473,0.934330,0.840690,0.909980,0.624890
206/500,206,500,1.034219,0.659781,1.029358,0.922490,0.851530,0.910690,0.631980
207/500,207,500,1.043398,0.673827,1.037651,0.932110,0.845840,0.911300,0.620100
208/500,208,500,1.041307,0.659928,1.028818,0.926600,0.849580,0.912160,0.627410
209/500,209,500,1.049252,0.659482,1.032910,0.920070,0.839370,0.903430,0.629020
210/500,210,500,1.042232,0.665961,1.031923,0.924620,0.853910,0.910200,0.630040
211/500,211,500,1.029231,0.655954,1.022475,0.926180,0.839560,0.905710,0.626100
212/500,212,500,1.031251,0.657054,1.028670,0.931610,0.847730,0.914070,0.632850
213/500,213,500,1.040028,0.660380,1.029684,0.937790,0.839370,0.910460,0.631200
214/500,214,500,1.038301,0.671421,1.026717,0.936710,0.844660,0.912010,0.628780
215/500,215,500,1.031454,0.655272,1.029238,0.931620,0.845720,0.912850,0.628500
216/500,216,500,1.036259,0.673939,1.030938,0.931620,0.854110,0.916940,0.634800
217/500,217,500,1.039190,0.661919,1.029716,0.929100,0.848030,0.909980,0.630420
218/500,218,500,1.032270,0.657577,1.027907,0.922800,0.844030,0.908390,0.630830
219/500,219,500,1.053812,0.672673,1.035823,0.932490,0.850110,0.914850,0.637610
220/500,220,500,1.043601,0.667579,1.036074,0.928260,0.847030,0.908670,0.625270
221/500,221,500,1.035335,0.656585,1.030991,0.914590,0.847140,0.908290,0.634930
222/500,222,500,1.039009,0.661080,1.030097,0.934920,0.847500,0.911100,0.636860
223/500,223,500,1.036723,0.663205,1.026250,0.936580,0.843830,0.914930,0.632130
224/500,224,500,1.037284,0.666616,1.026219,0.936230,0.853170,0.915720,0.634530
225/500,225,500,1.032922,0.655516,1.029713,0.933630,0.845900,0.912960,0.632970
226/500,226,500,1.038675,0.653972,1.024333,0.935040,0.857920,0.918940,0.640320
227/500,227,500,1.031893,0.654070,1.025733,0.940860,0.850600,0.918900,0.637900
228/500,228,500,1.023798,0.644497,1.022954,0.926310,0.853740,0.915690,0.637590
229/500,229,500,1.034269,0.664709,1.029600,0.937090,0.855690,0.918090,0.638880
230/500,230,500,1.032266,0.656582,1.024515,0.943650,0.848220,0.918380,0.640860
231/500,231,500,1.033943,0.655916,1.027854,0.928230,0.849940,0.913340,0.636360
232/500,232,500,1.024282,0.654796,1.023349,0.932460,0.849850,0.914640,0.637660
233/500,233,500,1.021046,0.655059,1.026367,0.932460,0.853470,0.918410,0.642140
234/500,234,500,1.034071,0.652475,1.031085,0.931050,0.854810,0.916480,0.642940
235/500,235,500,1.036229,0.657460,1.021306,0.931620,0.855490,0.919950,0.643930
236/500,236,500,1.019722,0.652524,1.022654,0.929360,0.855530,0.917460,0.645440
237/500,237,500,1.023806,0.647585,1.024321,0.931550,0.860160,0.920060,0.650510
238/500,238,500,1.023552,0.649898,1.026131,0.938430,0.853400,0.917090,0.646900
239/500,239,500,1.020472,0.645013,1.023461,0.940300,0.856610,0.919790,0.645240
240/500,240,500,1.021351,0.641522,1.024622,0.931470,0.860790,0.920350,0.649780
241/500,241,500,1.017120,0.645754,1.022333,0.938410,0.861330,0.920880,0.651430
242/500,242,500,1.015073,0.639169,1.019384,0.932810,0.859470,0.919470,0.650080
243/500,243,500,1.019657,0.645049,1.025362,0.940600,0.860430,0.922480,0.651890
244/500,244,500,1.026143,0.650870,1.023295,0.939390,0.864060,0.920780,0.651740
245/500,245,500,1.023700,0.641874,1.022148,0.938360,0.861840,0.923480,0.653180
246/500,246,500,1.016801,0.636221,1.020436,0.937580,0.867080,0.923400,0.656110
247/500,247,500,1.017125,0.640428,1.018340,0.938880,0.867650,0.923730,0.652780
248/500,248,500,1.020480,0.638608,1.022345,0.942980,0.867390,0.922130,0.655630
249/500,249,500,1.019276,0.635143,1.020803,0.948260,0.859880,0.921520,0.655330
250/500,250,500,1.021640,0.643481,1.024528,0.943040,0.855400,0.919820,0.651930
251/500,251,500,1.016250,0.641461,1.020551,0.939320,0.860750,0.921290,0.652520
252/500,252,500,1.017441,0.640416,1.017439,0.939670,0.864070,0.922300,0.654820
253/500,253,500,1.013533,0.638847,1.023224,0.942200,0.867920,0.927080,0.659990
254/500,254,500,1.017236,0.646846,1.021679,0.942320,0.866010,0.926030,0.657640
255/500,255,500,1.017461,0.631621,1.019806,0.940870,0.862330,0.923980,0.656950
256/500,256,500,1.011784,0.636416,1.017570,0.939430,0.862420,0.924720,0.654990
257/500,257,500,1.005912,0.636336,1.016219,0.943650,0.863310,0.924490,0.655260
258/500,258,500,1.008745,0.631483,1.011947,0.942500,0.858380,0.922930,0.655350
259/500,259,500,1.007967,0.642511,1.017972,0.943680,0.862090,0.924070,0.655810
260/500,260,500,1.009411,0.632817,1.021266,0.944710,0.865240,0.925320,0.656590
261/500,261,500,1.017006,0.637064,1.020220,0.948240,0.863290,0.924710,0.658870
262/500,262,500,1.005540,0.624656,1.016567,0.941000,0.861240,0.923830,0.657600
263/500,263,500,1.007464,0.633122,1.016865,0.945360,0.864980,0.924600,0.658720
264/500,264,500,1.013158,0.638662,1.020124,0.945080,0.864740,0.924260,0.658500
265/500,265,500,1.010312,0.642421,1.017785,0.948280,0.862550,0.924840,0.659020
266/500,266,500,1.003940,0.624794,1.015744,0.945480,0.864690,0.925750,0.659300
267/500,267,500,1.005945,0.624963,1.016463,0.943090,0.863130,0.924760,0.657160
268/500,268,500,1.009640,0.626920,1.018398,0.942240,0.863560,0.924770,0.656320
269/500,269,500,1.002750,0.620903,1.017176,0.942130,0.863820,0.925230,0.657330
270/500,270,500,1.006746,0.628183,1.016574,0.942250,0.862890,0.925620,0.658410
271/500,271,500,1.000948,0.618909,1.012759,0.942770,0.866620,0.926870,0.658860
272/500,272,500,1.004548,0.627319,1.015805,0.942620,0.867120,0.926520,0.658600
273/500,273,500,1.008405,0.624389,1.016501,0.940130,0.869210,0.927360,0.658570
274/500,274,500,1.016758,0.633231,1.014857,0.940780,0.870180,0.927190,0.658380
275/500,275,500,0.995933,0.620193,1.012121,0.940350,0.871270,0.926760,0.659000
276/500,276,500,1.006704,0.627591,1.015919,0.942400,0.870900,0.927640,0.659170
277/500,277,500,0.997513,0.614986,1.010469,0.943820,0.872470,0.928700,0.659730
278/500,278,500,1.002596,0.622346,1.013963,0.946000,0.868280,0.929510,0.660150
279/500,279,500,1.000138,0.619860,1.010611,0.946640,0.866160,0.928460,0.660480
280/500,280,500,0.990301,0.623981,1.006657,0.946280,0.865810,0.927790,0.660620
281/500,281,500,0.991010,0.627916,1.010309,0.947510,0.864920,0.928370,0.661440
282/500,282,500,1.000886,0.625056,1.014494,0.947390,0.866990,0.929140,0.661550
283/500,283,500,1.003837,0.629118,1.016856,0.944450,0.868670,0.929140,0.661560
284/500,284,500,0.993634,0.622289,1.011655,0.946040,0.868440,0.929090,0.662090
285/500,285,500,0.998595,0.621401,1.012324,0.947790,0.866020,0.928430,0.662160
286/500,286,500,0.992692,0.615768,1.013720,0.948460,0.867610,0.929390,0.662820
287/500,287,500,0.993315,0.622806,1.007265,0.949330,0.867330,0.929240,0.662600
288/500,288,500,0.997534,0.618203,1.014673,0.948640,0.866760,0.928990,0.662730
289/500,289,500,0.988325,0.617807,1.006974,0.947640,0.867590,0.928920,0.663260
290/500,290,500,0.986911,0.606969,1.007860,0.949950,0.867690,0.929180,0.663080
291/500,291,500,0.985024,0.615467,1.008612,0.950920,0.866880,0.929590,0.663250
292/500,292,500,0.979317,0.611742,1.007359,0.951990,0.866770,0.929600,0.663520
293/500,293,500,0.989591,0.613083,1.007873,0.951770,0.867070,0.930120,0.663840
294/500,294,500,0.984519,0.612293,1.009000,0.950370,0.867180,0.930520,0.663760
295/500,295,500,0.992778,0.622887,1.008230,0.949570,0.867200,0.930450,0.664310
296/500,296,500,0.991980,0.618914,1.011989,0.951160,0.867720,0.930940,0.663990
297/500,297,500,0.995693,0.618030,1.011424,0.951300,0.868120,0.930300,0.663900
298/500,298,500,0.989445,0.611758,1.009881,0.951080,0.868810,0.930200,0.664100
299/500,299,500,0.988280,0.607372,1.006605,0.950250,0.870310,0.930540,0.664340
300/500,300,500,0.993045,0.619098,1.005424,0.950300,0.871550,0.930860,0.664690
301/500,301,500,0.981611,0.611682,1.005163,0.951070,0.870090,0.930480,0.665080
302/500,302,500,0.984463,0.610418,1.005479,0.950090,0.869890,0.930520,0.665350
303/500,303,500,0.979840,0.604554,1.007691,0.949370,0.870920,0.930350,0.665470
304/500,304,500,0.985493,0.612131,1.010002,0.949670,0.870720,0.930370,0.665760
305/500,305,500,0.999012,0.617875,1.007568,0.950170,0.870100,0.930210,0.665960
306/500,306,500,0.986460,0.616379,1.004961,0.949470,0.869890,0.929800,0.665940
307/500,307,500,0.986727,0.618107,1.007874,0.948460,0.869680,0.930010,0.665980
308/500,308,500,0.990912,0.607267,1.003044,0.947650,0.870010,0.929990,0.666290
309/500,309,500,0.976919,0.606177,1.006170,0.946830,0.869680,0.929960,0.666040
310/500,310,500,0.987682,0.607128,1.005723,0.947650,0.869890,0.930400,0.666390
311/500,311,500,0.988651,0.610871,1.007341,0.947610,0.870540,0.930370,0.666250
312/500,312,500,0.981260,0.602289,1.001569,0.947150,0.870240,0.930670,0.666330
313/500,313,500,0.972208,0.605531,1.004066,0.947390,0.869830,0.930590,0.666370
314/500,314,500,0.969861,0.594207,1.001605,0.947380,0.869810,0.930420,0.666460
315/500,315,500,0.981246,0.604796,1.008927,0.947770,0.869470,0.930260,0.666440
316/500,316,500,0.979310,0.603385,1.003253,0.948110,0.871010,0.930340,0.666700
317/500,317,500,0.974796,0.602974,1.001680,0.947670,0.872240,0.930550,0.666070
318/500,318,500,0.979258,0.604867,1.006349,0.948470,0.868800,0.930430,0.666390
319/500,319,500,0.982246,0.613023,1.008480,0.948910,0.868940,0.930600,0.666540
320/500,320,500,0.979209,0.603312,1.004599,0.949140,0.870210,0.930670,0.666330
321/500,321,500,0.977029,0.593331,1.003039,0.948690,0.870530,0.931150,0.666080
322/500,322,500,0.970516,0.602484,1.001451,0.948870,0.869930,0.930960,0.666140
323/500,323,500,0.974449,0.599783,1.002687,0.948760,0.870450,0.931090,0.666290
324/500,324,500,0.972135,0.595365,1.000335,0.945370,0.874790,0.931070,0.666010
325/500,325,500,0.980316,0.594704,1.004219,0.946080,0.874660,0.931540,0.666530
326/500,326,500,0.974239,0.605056,1.003991,0.945330,0.874900,0.931400,0.666700
327/500,327,500,0.973891,0.589745,1.004155,0.945560,0.874900,0.931830,0.666490
328/500,328,500,0.962498,0.591426,1.000588,0.944940,0.876180,0.931910,0.666430
329/500,329,500,0.971659,0.601345,0.999995,0.946170,0.874920,0.931800,0.666680
330/500,330,500,0.962811,0.588541,0.999252,0.945400,0.873920,0.931660,0.667250
331/500,331,500,0.967371,0.594273,0.998777,0.945620,0.873520,0.931400,0.667300
332/500,332,500,0.970249,0.592120,0.995143,0.944620,0.874700,0.931260,0.667100
333/500,333,500,0.960704,0.585873,1.000588,0.945070,0.873380,0.931070,0.666710
334/500,334,500,0.963123,0.589194,1.001115,0.944790,0.872380,0.930760,0.666700
335/500,335,500,0.958710,0.584560,0.993979,0.945830,0.871470,0.930910,0.666700
336/500,336,500,0.964795,0.594432,0.998917,0.947970,0.870760,0.931100,0.666910
337/500,337,500,0.959598,0.591521,0.995837,0.947070,0.872120,0.931110,0.666580
338/500,338,500,0.960493,0.590807,0.998687,0.948080,0.872270,0.931360,0.666970
339/500,339,500,0.965470,0.586069,0.995989,0.950150,0.871410,0.931320,0.666300
340/500,340,500,0.963944,0.588628,1.000746,0.947840,0.872770,0.930880,0.666600
341/500,341,500,0.967672,0.594581,0.997224,0.948200,0.872440,0.931000,0.666370
342/500,342,500,0.960975,0.585180,0.998547,0.946910,0.873090,0.931030,0.666530
343/500,343,500,0.967261,0.592117,0.994410,0.947840,0.872880,0.930720,0.666010
344/500,344,500,0.966705,0.592405,0.998403,0.947420,0.873090,0.930670,0.666000
345/500,345,500,0.948525,0.582562,0.991920,0.947590,0.873290,0.930800,0.666620
346/500,346,500,0.956563,0.585292,0.993143,0.947390,0.872680,0.930390,0.666730
347/500,347,500,0.959919,0.589314,0.994648,0.946850,0.872460,0.930260,0.666350
348/500,348,500,0.946479,0.581926,0.989745,0.946790,0.872440,0.930220,0.666390
349/500,349,500,0.945375,0.580831,0.992800,0.946280,0.873890,0.930230,0.666950
350/500,350,500,0.961448,0.592773,0.995541,0.946090,0.874050,0.930280,0.667290
351/500,351,500,0.954818,0.583419,0.994435,0.944430,0.875650,0.930460,0.667130
352/500,352,500,0.959521,0.590493,0.994360,0.945070,0.875460,0.930720,0.667530
353/500,353,500,0.954839,0.583106,0.989885,0.944920,0.875800,0.930880,0.667680
354/500,354,500,0.948278,0.575238,0.988931,0.944410,0.875600,0.930770,0.667250
355/500,355,500,0.953803,0.581245,0.997186,0.946260,0.875370,0.931120,0.667880
356/500,356,500,0.948006,0.577606,0.993338,0.946130,0.874680,0.930860,0.667730
357/500,357,500,0.945620,0.573283,0.989796,0.946460,0.874270,0.931010,0.667990
358/500,358,500,0.952573,0.572537,0.988594,0.946140,0.874740,0.931180,0.668550
359/500,359,500,0.948619,0.580692,0.990472,0.947160,0.873370,0.931060,0.668430
360/500,360,500,0.943206,0.570224,0.991894,0.946600,0.873440,0.931020,0.668140
361/500,361,500,0.943423,0.580119,0.990171,0.946270,0.873910,0.930950,0.668460
362/500,362,500,0.941762,0.576670,0.989919,0.946140,0.874910,0.931320,0.668580
363/500,363,500,0.945793,0.579058,0.993873,0.945550,0.876410,0.931600,0.668560
364/500,364,500,0.954348,0.581148,0.995736,0.945560,0.876220,0.931710,0.668170
365/500,365,500,0.950277,0.574266,0.995477,0.945290,0.877940,0.931690,0.668480
366/500,366,500,0.943136,0.572302,0.989192,0.944960,0.878010,0.931590,0.668520
367/500,367,500,0.940135,0.567268,0.986747,0.944520,0.877960,0.931580,0.668960
368/500,368,500,0.947160,0.574673,0.990268,0.943180,0.878580,0.931340,0.668860
369/500,369,500,0.950552,0.575726,0.991881,0.941150,0.878490,0.931260,0.669210
370/500,370,500,0.944470,0.566000,0.989543,0.942610,0.878790,0.931480,0.669140
371/500,371,500,0.946044,0.576701,0.992987,0.942660,0.878900,0.931590,0.668950
372/500,372,500,0.943698,0.577170,0.993117,0.942620,0.879090,0.931880,0.669180
373/500,373,500,0.935934,0.562477,0.986356,0.944250,0.878190,0.931800,0.668970
374/500,374,500,0.953472,0.578888,0.991892,0.944600,0.878090,0.931970,0.669380
375/500,375,500,0.937839,0.569346,0.987954,0.944850,0.877380,0.932000,0.669460
376/500,376,500,0.938696,0.564560,0.991731,0.944680,0.877470,0.932130,0.669810
377/500,377,500,0.942214,0.575106,0.988986,0.943610,0.876930,0.932360,0.670130
378/500,378,500,0.932660,0.566143,0.988067,0.942970,0.877590,0.932540,0.670130
379/500,379,500,0.935226,0.561388,0.986926,0.944480,0.877340,0.932770,0.670220
380/500,380,500,0.933026,0.564622,0.985788,0.944850,0.877210,0.932250,0.669720
381/500,381,500,0.927756,0.557617,0.983267,0.944840,0.876750,0.932350,0.669820
382/500,382,500,0.926124,0.558543,0.984032,0.944590,0.877090,0.932490,0.670190
383/500,383,500,0.938265,0.567694,0.989270,0.944470,0.875810,0.932550,0.670100
384/500,384,500,0.936634,0.561806,0.980752,0.945770,0.877930,0.932890,0.670400
385/500,385,500,0.931863,0.558818,0.987036,0.944560,0.877330,0.932640,0.670480
386/500,386,500,0.936581,0.560602,0.987173,0.944710,0.876350,0.932350,0.670530
387/500,387,500,0.926616,0.556156,0.983370,0.945170,0.877390,0.932470,0.670750
388/500,388,500,0.924458,0.552613,0.978838,0.945150,0.877130,0.931970,0.670690
389/500,389,500,0.917783,0.550705,0.978384,0.945630,0.877540,0.932040,0.670820
390/500,390,500,0.933400,0.560721,0.987015,0.945200,0.877270,0.931640,0.670870
391/500,391,500,0.925345,0.559639,0.984069,0.945080,0.877600,0.931920,0.671060
392/500,392,500,0.935604,0.564724,0.987838,0.945720,0.877740,0.932160,0.671180
393/500,393,500,0.930454,0.556859,0.982896,0.945390,0.877430,0.932180,0.671720
394/500,394,500,0.929895,0.559329,0.983241,0.945990,0.876810,0.932150,0.671370
395/500,395,500,0.924246,0.553465,0.980979,0.945350,0.876600,0.932010,0.671630
396/500,396,500,0.934851,0.557566,0.983577,0.945410,0.876680,0.931360,0.671480
397/500,397,500,0.925166,0.558717,0.982952,0.945670,0.877420,0.931390,0.671180
398/500,398,500,0.930029,0.558831,0.982240,0.946790,0.877660,0.931770,0.671520
399/500,399,500,0.930890,0.558800,0.985834,0.945150,0.876720,0.931350,0.671060
400/500,400,500,0.924547,0.551074,0.981884,0.946260,0.876780,0.931360,0.671000
401/500,401,500,0.928176,0.558139,0.985170,0.945390,0.876770,0.931090,0.670700
402/500,402,500,0.914578,0.551139,0.980510,0.946130,0.876560,0.930940,0.670290
403/500,403,500,0.924786,0.553835,0.984633,0.945430,0.876590,0.931090,0.670680
404/500,404,500,0.916672,0.553632,0.979449,0.945790,0.876130,0.931050,0.671090
405/500,405,500,0.929094,0.557205,0.984992,0.944780,0.875830,0.930770,0.671650
406/500,406,500,0.915164,0.545262,0.982063,0.944330,0.876200,0.930800,0.671490
407/500,407,500,0.919165,0.553933,0.982385,0.944600,0.876060,0.930860,0.671640
408/500,408,500,0.910115,0.540655,0.976273,0.943960,0.877620,0.930690,0.671770
409/500,409,500,0.916053,0.552473,0.981238,0.943980,0.877620,0.930550,0.671790
410/500,410,500,0.906009,0.547294,0.977704,0.944190,0.876810,0.930690,0.671340
411/500,411,500,0.917550,0.548453,0.976139,0.945110,0.877230,0.930990,0.671520
412/500,412,500,0.913080,0.544341,0.978612,0.944890,0.876970,0.930940,0.671500
413/500,413,500,0.909222,0.544146,0.979525,0.945650,0.877180,0.931150,0.671570
414/500,414,500,0.911654,0.541964,0.977754,0.944000,0.876090,0.930660,0.671380
415/500,415,500,0.912540,0.543937,0.975034,0.944950,0.875290,0.930770,0.671400
416/500,416,500,0.917526,0.542219,0.979450,0.945340,0.875280,0.930750,0.671500
417/500,417,500,0.916489,0.545938,0.978120,0.944680,0.874930,0.930730,0.671130
418/500,418,500,0.906373,0.538076,0.976953,0.944150,0.875340,0.930640,0.671310
419/500,419,500,0.900921,0.537559,0.975446,0.943750,0.874490,0.929780,0.670930
420/500,420,500,0.918028,0.541849,0.975882,0.944230,0.875710,0.930100,0.671390
421/500,421,500,0.914018,0.540437,0.977662,0.942070,0.875940,0.929750,0.671560
422/500,422,500,0.902396,0.538358,0.972605,0.941240,0.876700,0.929470,0.671200
423/500,423,500,0.907813,0.536171,0.971084,0.941540,0.876970,0.929580,0.670910
424/500,424,500,0.904528,0.537161,0.975505,0.941840,0.876790,0.929480,0.671130
425/500,425,500,0.896661,0.529060,0.974856,0.941840,0.875080,0.929330,0.671430
426/500,426,500,0.900992,0.537736,0.975740,0.942500,0.875020,0.929110,0.671420
427/500,427,500,0.899698,0.533535,0.976256,0.942470,0.875890,0.929470,0.671580
428/500,428,500,0.909775,0.539290,0.977474,0.942430,0.875860,0.929200,0.671460
429/500,429,500,0.901467,0.536530,0.974413,0.942570,0.874650,0.929140,0.671090
430/500,430,500,0.898391,0.531282,0.972700,0.940420,0.877200,0.929180,0.671570
431/500,431,500,0.891722,0.526344,0.971624,0.940990,0.875810,0.929160,0.671560
432/500,432,500,0.892245,0.534812,0.978301,0.941350,0.876100,0.929250,0.671500
433/500,433,500,0.897629,0.533182,0.970189,0.942010,0.874210,0.929300,0.670860
434/500,434,500,0.898564,0.536787,0.976563,0.939930,0.874690,0.928970,0.671030
435/500,435,500,0.887641,0.523404,0.966138,0.940910,0.874870,0.929150,0.671350
436/500,436,500,0.896739,0.533946,0.968342,0.941500,0.874050,0.929550,0.671590
437/500,437,500,0.897129,0.532085,0.970160,0.949160,0.868290,0.929900,0.671700
438/500,438,500,0.894819,0.529954,0.972744,0.942340,0.874460,0.929940,0.671620
439/500,439,500,0.892572,0.530925,0.972848,0.943060,0.872180,0.929620,0.671960
440/500,440,500,0.892185,0.530086,0.968653,0.949240,0.867110,0.929230,0.671320
441/500,441,500,0.877758,0.521030,0.965197,0.951230,0.866080,0.929160,0.671200
442/500,442,500,0.893626,0.528753,0.972983,0.952550,0.865680,0.929100,0.671130
443/500,443,500,0.885523,0.526383,0.970862,0.954220,0.864440,0.928900,0.671130
444/500,444,500,0.896127,0.529176,0.967942,0.952660,0.865880,0.929180,0.671360
445/500,445,500,0.889708,0.520591,0.965673,0.954900,0.865290,0.929180,0.671370
446/500,446,500,0.888674,0.528618,0.973514,0.951900,0.865290,0.929040,0.671090
447/500,447,500,0.898258,0.529369,0.979175,0.953650,0.864880,0.929000,0.670950
448/500,448,500,0.885787,0.522379,0.967626,0.951680,0.865290,0.928820,0.671090
449/500,449,500,0.875743,0.512953,0.961860,0.952520,0.865500,0.928810,0.671130
450/500,450,500,0.880006,0.515992,0.961730,0.950480,0.865080,0.928190,0.671280
451/500,451,500,0.887522,0.526447,0.970641,0.951290,0.865910,0.928500,0.671300
452/500,452,500,0.880944,0.520321,0.964574,0.951890,0.866550,0.928710,0.671300
453/500,453,500,0.882477,0.520518,0.969261,0.952400,0.865930,0.928990,0.671070
454/500,454,500,0.880051,0.512487,0.966174,0.951880,0.866610,0.929450,0.671080
455/500,455,500,0.886062,0.517558,0.969275,0.952110,0.865930,0.928710,0.671490
456/500,456,500,0.870873,0.513238,0.965081,0.954830,0.863160,0.928170,0.671420
457/500,457,500,0.874779,0.512460,0.963490,0.954620,0.863980,0.928120,0.671330
458/500,458,500,0.887153,0.517863,0.969783,0.954410,0.865590,0.928700,0.671900
459/500,459,500,0.879708,0.518273,0.964622,0.954040,0.865770,0.928360,0.672070
460/500,460,500,0.868728,0.516764,0.965254,0.955830,0.864120,0.928770,0.672370
461/500,461,500,0.870743,0.505843,0.961741,0.955650,0.865070,0.928680,0.672180
462/500,462,500,0.879060,0.516376,0.969848,0.956100,0.865470,0.928990,0.671660
463/500,463,500,0.879571,0.520451,0.967625,0.956430,0.865240,0.929020,0.671980
464/500,464,500,0.876430,0.512170,0.963669,0.956600,0.864180,0.928660,0.671900
465/500,465,500,0.873755,0.513912,0.965016,0.955980,0.864720,0.928780,0.671960
466/500,466,500,0.872176,0.510527,0.964733,0.955920,0.864790,0.928650,0.671990
467/500,467,500,0.881452,0.512597,0.961443,0.954820,0.865060,0.929050,0.672110
468/500,468,500,0.871270,0.515684,0.964678,0.956260,0.864640,0.929420,0.672520
469/500,469,500,0.865675,0.512941,0.961844,0.955120,0.865240,0.929290,0.672320
470/500,470,500,0.865702,0.507769,0.964124,0.955690,0.865620,0.929580,0.672480
471/500,471,500,0.865146,0.502406,0.961224,0.960200,0.864640,0.929590,0.672170
472/500,472,500,0.865090,0.500521,0.959105,0.956960,0.865260,0.929220,0.672080
473/500,473,500,0.871213,0.507618,0.963206,0.961200,0.864640,0.929640,0.672300
474/500,474,500,0.863016,0.500577,0.960613,0.960460,0.864790,0.929730,0.672480
475/500,475,500,0.864369,0.503142,0.961481,0.960600,0.864850,0.929690,0.672490
476/500,476,500,0.871236,0.501776,0.960245,0.960430,0.864850,0.929720,0.671990
477/500,477,500,0.862660,0.502025,0.956596,0.960720,0.865290,0.930020,0.672140
478/500,478,500,0.865112,0.501831,0.962940,0.961400,0.865920,0.930210,0.671850
479/500,479,500,0.855967,0.497601,0.959216,0.961320,0.865730,0.930310,0.671920
480/500,480,500,0.855027,0.506599,0.962471,0.961930,0.865000,0.930200,0.672070
481/500,481,500,0.857151,0.499185,0.957899,0.961270,0.865640,0.930230,0.672180
482/500,482,500,0.859831,0.499486,0.958738,0.961250,0.865220,0.929940,0.672100
483/500,483,500,0.856020,0.501136,0.957950,0.961260,0.865490,0.930150,0.672020
484/500,484,500,0.851299,0.492067,0.956130,0.961990,0.866530,0.930630,0.672890
485/500,485,500,0.856018,0.494984,0.955971,0.960960,0.866990,0.930490,0.672820
486/500,486,500,0.850252,0.495319,0.955889,0.961040,0.866780,0.930450,0.672600
487/500,487,500,0.844172,0.492510,0.956098,0.959140,0.867820,0.930430,0.672920
488/500,488,500,0.847646,0.496768,0.955858,0.959540,0.868230,0.930610,0.673120
489/500,489,500,0.851657,0.493220,0.955024,0.959280,0.868230,0.930490,0.672710
490/500,490,500,0.856344,0.494546,0.957861,0.963090,0.865970,0.930480,0.672640
491/500,491,500,0.775235,0.390095,0.889712,0.962470,0.866060,0.930450,0.672910
492/500,492,500,0.768023,0.383500,0.888444,0.961990,0.866990,0.930530,0.673200
493/500,493,500,0.768106,0.382592,0.887718,0.962680,0.866860,0.930840,0.673130
494/500,494,500,0.766761,0.379827,0.886260,0.959930,0.868540,0.930770,0.673200
495/500,495,500,0.766976,0.381258,0.885085,0.960720,0.868230,0.930660,0.673280
496/500,496,500,0.761227,0.377951,0.884925,0.962710,0.866780,0.930450,0.672680
497/500,497,500,0.757586,0.377055,0.887278,0.961540,0.867170,0.930370,0.672920
498/500,498,500,0.766589,0.380080,0.885899,0.962050,0.866100,0.930270,0.672610
499/500,499,500,0.757293,0.376694,0.882123,0.962560,0.866370,0.930090,0.672580
500/500,500,500,0.761434,0.377379,0.882574,0.962180,0.866580,0.930520,0.672570
500/500,500,500,0.761434,0.377379,0.882574,0.960482,0.868169,0.930501,0.672740
